932771134
871021724
1283607147
1051301129
1490929170
1926913740
2192920449
617387302
2229055304
1490929170
288533649
760283966
690473764
629860078
1325396726
103410855
476889806
262785316
1921546621
2096315797
34648063
625912839
1067994046
1970508472
2211556855
1604177650
1936958516
629860078
2229055304
152458595
493137895
77688754
465827878
480566536
1764107292
1772764439
1644656714
1551920937
201940197
1649224065
171109784
2157016188
347273245
965882845
238198813
1716746339
1716746339
1662272610
834008982
262785316
75334704
593901606
65462003
720507855
152458595
2248695852
1639335710
1609187426
560859120
1311968036
1973635707
1916030186
1179863149
1952511686
1970508472
77688754
408808818
1687911137
1052408373
597390904
2062746666
913339409
1284884653
462490538
1318798574
1340535301
1088784203
1052408373
1083053645
2229055304
924782663
1067994046
1460136534
2002693650
1675828226
1010062833
889541068
1051301129
1314015351
1640529865
2152024295
2136541076
1952511686
1054846772
1445710700
1813379729
802563490
2172641079
872111211
2111923386
705765364
1528269512
2096315797
739396324
754999887
157585860
145233100
1764107292
617387302
801960661
1378982955
408808818
576080347
1340535301
1156522132
2234278220
1740814054
1156522132
137057721
2234278220
1459680812
1527136004
805377723
993171285
1154917628
2311812716
1890236560
1813379729
1513401927
1162850926
690473764
1012750441
2116933154
1283607147
1813379729
617980887
1653617381
2299244866
871021724
964768387
1536001086
1936958516
34648063
1416686456
1568272066
1850962226
1970508472
1010062833
1129769647
1397011755
1850962226
1284884653
1052408373
1813421902
2114635626
560859120
411971946
1551920937
1088784203
738896149
416071604
152458595
625912839
529314106
2136541076
1850962226
394991760
1283607147
1742291528
1128431264
1612189187
1675828226
1931289558
1057219507
388927628
1675828226
1284884653
964768387
1284884653
1851447473
1850962226
859307139
1319952171
1305690661
154776389
328666813
1712553830
2152024295
2116933154
1039887893
1563238847
859820185
2245063154
309938727
1198939014
1052408373
2144660543
917800112
2172641079
576080347
476889806
33175121
1640529865
1130123504
2069216041
1973635707
1010062833
303947517
661647482
1877620791
1156418991
1740814054
2232500026
1128431264
1528269512
1639619202
1071652631
690473764
617669174
288533649
1361217679
1530856558
1706804775
1260442938
1837624593
1513401927
705765364
1644656714
1252459580
493137895
1377185802
1325344063
815546601
1973635707
1973435018
2182160396
1556049223
752860826
619685671
1740814054
347273245
1189565343
1039887893
947555651
1339007462
2045935953
1740814054
805532942
1612189187
1612189187
157585860
1325344063
2111923386
2076648916
538049416
1013965010
462490538
332096149
2126888651
947555651
932771134
238198813
1212637353
1156418991
629860078
77688754
538049416
2121959865
1813421902
1129769647
1970508472
953162450
1163679564
1252459580
2246136269
1189565343
309938727
585122211
1378982955
802563490
1973435018
2080892891
77688754
1416686456
649727598
1450626077
33175121
1644656714
739396324
1319952171
1716746339
928592426
2107009190
2152024295
2182160396
490846680
2160674601
617980887
1397011755
1416686456
1067444743
2080892891
394991760
75334704
593901606
918788166
33175121
943804624
640994356
1057219507
1970508472
2311812716
1796054896
617669174
65462003
1662272610
597390904
1397011755
619685671
1156418991
493137895
1804616547
2211556855
198984307
208771811
1431475282
1571008904
913701265
1162850926
1978972847
2126888651
1804616547
103410855
1344957046
2032910807
831217590
60008619
171109784
34648063
1764107292
1616184096
2206651153
690473764
754999887
1189565343
2111923386
324536791
1321359430
1973435018
996665209
625912839
1998428899
129146178
79832145
658866311
1088784203
1888356848
2117379664
690473764
34648063
2045935953
480566536
33175121
411492899
864881263
2080892891
408808818
2172641079
1287846806
1282727139
1262351149
65462003
770253158
2160674601
1179863149
1377185802
416071604
787445995
2091608184
103410855
945125162
739396324
1460957186
597390904
1378982955
1861543921
1687911137
690473764
872111211
2076648916
1430211589
749955830
506922584
288533649
1930857370
872111211
1314015351
77688754
1604177650
2327808459
2173491487
2056290489
1813379729
953162450
805532942
538049416
310362139
1527900387
1536001086
416071604
1189565343
262785316
2160674601
300077667
1130123504
2325016253
2076648916
1861543921
965882845
43368630
848655495
154776389
2232500026
1563238847
1665556503
859820185
1501495203
303947517
1460957186
1416686456
1513401927
1920006413
1111687573
585122211
2091608184
1649224065
661647482
2152024295
288932108
485654659
388927628
1162850926
145233100
1505119158
576080347
978763294
1054846772
1594274375
2141155132
161603931
576885161
2248695852
770253158
284604489
1563238847
584887671
2245063154
1616184096
288533649
2141155132
2172641079
678345246
749955830
1021320642
2232500026
1021320642
1771269147
34648063
1764107292
943804624
1339007462
1639619202
2232500026
309938727
88116664
1772764439
749955830
753640836
134231732
1594274375
2116933154
1616184096
1083053645
661647482
1505331526
1861559066
1604177650
2066520111
1813421902
1644656714
633257010
1712553830
728096438
619685671
617387302
749955830
805377723
1067444743
18366338
1431475282
2126888651
1325396726
2062746666
1088784203
801960661
960263206
558917840
1445710700
1510956500
1013965010
1338305525
871021724
1571008904
201940197
1973435018
2211556855
202062437
1772764439
2019795298
1314015351
25695093
2245063154
872111211
1057219507
1676006353
2066520111
1978972847
629860078
240932092
439679648
1450626077
529314106
1450626077
2248695852
658866311
1888356848
1021320642
2248695852
1344957046
1325396726
848655495
932771134
1052408373
2056290489
1303745686
848655495
284604489
678345246
2245063154
859307139
1156418991
560859120
1260442938
2116933154
2032910807
1430211589
926198552
1189565343
2107009190
65462003
1179863149
1006261866
2096315797
41491411
1723669284
859820185
416071604
1505331526
18366338
1311968036
945125162
1837624593
1431475282
640994356
1067444743
1691181034
249676307
2173491487
2327808459
18366338
558917840
1936958516
1819170039
1930857370
1319952171
1212637353
1311968036
617387302
1723669284
760283966
103410855
1091474698
1344957046
198984307
947555651
1057219507
1021320642
161603931
593901606
2086811885
738896149
619685671
2089730337
1378982955
1728483326
661647482
1675737851
394991760
1706804775
493137895
2091608184
1260442938
770253158
1083053645
720507855
1639335710
1015668573
394991760
529314106
485654659
917800112
864881263
1130123504
1361217679
1397011755
801960661
1408019631
1445710700
394991760
1361217679
1861543921
88116664
2301887520
1877620791
560859120
1675737851
2213138787
1051301129
60008619
1537721185
2157016188
1771269147
309938727
2032910807
1716746339
1550494020
1740814054
889541068
1530856558
2287330821
619685671
1505119158
834008982
1459680812
805532942
1357372738
310362139
411492899
1489119665
1052408373
1397011755
1920156202
2032910807
43368630
1665556503
1459680812
476889806
1716746339
476889806
678345246
490846680
1314015351
1772764439
889541068
1100949410
79832145
617980887
1676006353
1804616547
1665556503
206833952
1920006413
1012750441
1012750441
33175121
408808818
831217590
918788166
2160674601
43368630
65462003
1823089065
1460957186
161603931
913339409
1114180835
1445710700
157585860
1013965010
87529766
205223305
1550235238
1851447473
926198552
1563968527
1305690661
1051301129
576080347
465827878
1723669284
1340535301
850924383
658866311
1881711933
1931289558
510448916
262785316
1550494020
2045935953
1662272610
1448426972
1653617381
1771269147
439679648
1368859177
1282727139
1706804775
1198939014
25695093
1010062833
678345246
2152024295
787445995
1687911137
619685671
1609187426
1377185802
1604177650
2114635626
1568272066
1305690661
1357372738
1861543921
585122211
1706804775
394991760
1890236560
1212637353
154776389
1640576377
1012750441
1550494020
754999887
25695093
1837624593
872111211
889541068
2211556855
932771134
2114635626
1594274375
411492899
593901606
1871540589
1691181034
1416686456
1088784203
1881711933
2301887520
859820185
1162850926
2114635626
913701265
328666813
1695513566
1973635707
678345246
2088405922
2245063154
259288408
2136541076
1052408373
1871540589
2190929320
416071604
1226617602
476889806
1877620791
1881711933
943804624
576885161
1804616547
1662272610
1156522132
1813421902
943804624
1054846772
1930857370
1083053645
1551920937
2088405922
240932092
284604489
2173491487
913701265
1305690661
1861543921
1459680812
485654659
1819170039
152458595
1405585093
1556049223
1408019631
2056290489
1649224065
541858139
649727598
1920156202
2325016253
617980887
171109784
1695513566
462490538
872111211
1083053645
1262351149
1888356848
805377723
1002200532
1325396726
1926913740
924782663
728096438
1861543921
284604489
1888356848
576885161
541858139
705765364
1550494020
1282727139
617387302
1489119665
720507855
560859120
1021320642
629860078
262785316
1530856558
1067444743
1021320642
2076648916
89049253
1644656714
1163679564
1513401927
1796054896
2232500026
171109784
1712553830
411971946
1325344063
208771811
1216301395
2213138787
1039887893
1405585093
889541068
1920006413
202062437
510448916
2248695852
129146178
1823089065
1850962226
2107009190
138112771
1361217679
1361217679
576080347
943804624
2301887520
593901606
2117379664
1510956500
890297203
978763294
1340535301
238198813
2246136269
760283966
157585860
77688754
2050897259
1527136004
718711058
2157016188
1606859198
1926913740
2032910807
2242039771
2116933154
1785545337
1459680812
2246136269
2121959865
332096149
1861559066
597390904
658866311
2050897259
43368630
1537721185
926198552
2121959865
1501495203
2081460414
145233100
1450626077
1283607147
1675737851
1339007462
1764107292
1550235238
1160641441
1931289558
1154917628
1513401927
510448916
1321359430
284604489
43368630
953162450
850924383
1321359430
262785316
1920156202
493137895
1006261866
1088784203
770253158
1344957046
1338305525
2190427153
617669174
850924383
831217590
2141155132
198984307
1616184096
945125162
859307139
1318798574
1260442938
1804616547
2172641079
1305690661
138112771
2136541076
1501495203
619685671
2287330821
2299244866
728096438
89049253
1162850926
2126888651
2242039771
1002200532
1890236560
1571008904
2211556855
2190427153
529314106
1154917628
1761932839
2234278220
801960661
625912839
510448916
993171285
1772764439
2248695852
928592426
1287846806
2299244866
1405585093
738896149
18366338
1091474698
137057721
1742291528
2234278220
2245063154
2050897259
1528269512
1510956500
1890236560
529314106
2190929320
506922584
2144660543
2234278220
249676307
1761932839
1871540589
1922829273
154776389
1606859198
649727598
859820185
1129769647
1640576377
1378982955
2190427153
1071652631
1550494020
2074513303
964768387
1712553830
1563238847
134231732
2232500026
1871540589
2089730337
978763294
1283607147
300077667
1450626077
1100949410
2292016778
480566536
913339409
1537721185
1653617381
1687911137
208771811
1212637353
850924383
1416686456
1936958516
1130123504
757484395
288533649
831217590
1339007462
80558092
1979905116
1813379729
1505119158
174503141
529314106
480566536
324536791
924782663
1397011755
480566536
937352132
1505119158
1129769647
1051301129
284604489
2141155132
2121959865
1154917628
328666813
310362139
749955830
18366338
2114635626
103410855
834008982
1362096234
831217590
1687911137
2157016188
2229055304
2096315797
690473764
1460136534
945125162
1527900387
738896149
834008982
2206651153
2311812716
2066520111
633257010
1405585093
1311968036
284604489
259288408
2206651153
1283607147
1785545337
558917840
2248695852
206833952
2117379664
1156522132
1662272610
1303745686
240932092
1639619202
584887671
1653617381
1712553830
206833952
284604489
65462003
2299244866
1594274375
1287846806
1226617602
1083053645
18366338
1665556503
1850962226
1823089065
752860826
1920006413
1936958516
1537721185
690473764
1163679564
1377185802
1528269512
1851447473
1162850926
1282727139
2088405922
347273245
1189565343
1764107292
134231732
201940197
2152024295
538049416
152458595
749955830
705765364
1979905116
529314106
928592426
1397011755
1970508472
1640529865
2172641079
1888356848
1007106927
2074513303
705765364
1712553830
1362096234
1644656714
2327808459
134231732
2232500026
1505331526
2107009190
240932092
465827878
1563968527
913701265
2190427153
480566536
928592426
510448916
174503141
1723669284
1198939014
2107009190
152458595
1819170039
1282727139
1644656714
174503141
1450626077
1013965010
1262351149
1129769647
2190929320
1015668573
1431475282
947555651
1837624593
864881263
2019795298
1179863149
288932108
25695093
965882845
760283966
465827878
1325396726
1459680812
1528269512
262785316
1445710700
510448916
2081460414
41491411
2301887520
1837624593
2074513303
2056290489
2107009190
859307139
1691181034
2088405922
1527136004
1368859177
872111211
157585860
1501495203
2050897259
205223305
2086811885
1606859198
1764107292
80558092
1616184096
1189565343
1357372738
154776389
2245063154
1740814054
1594274375
1319952171
1505331526
1920006413
1819170039
538049416
802563490
1007106927
953162450
1936958516
1091474698
394991760
1916030186
2091608184
593901606
2066520111
1282727139
1530856558
1262351149
831217590
2114635626
1338305525
802563490
1536001086
394991760
465827878
1764107292
2045935953
913701265
926198552
1952511686
924782663
1723669284
2045935953
2114635626
926198552
1921546621
1397011755
2111923386
206833952
2126888651
1662272610
924782663
1920156202
738896149
1179863149
1054846772
937352132
541858139
300077667
309938727
1212637353
2117379664
288932108
597390904
2086811885
2191069633
597390904
1952511686
2242039771
2096315797
678345246
1513401927
34648063
2182160396
1088784203
1922829273
728096438
154776389
137057721
1216301395
1823089065
947555651
1450626077
1973435018
576080347
2081460414
1973435018
2325016253
249676307
1405585093
129146178
633257010
917800112
2062746666
310362139
859820185
33175121
541858139
137057721
1676006353
1568272066
831217590
943804624
1563968527
1083053645
1528269512
1490929170
1405585093
2019795298
2089730337
1319952171
718711058
157585860
1921546621
2248695852
1284884653
932771134
2152024295
859820185
1649224065
2089730337
2192920449
332096149
1563968527
34648063
1325396726
1083053645
585122211
2066520111
1998428899
871021724
770253158
41491411
1034516752
1571008904
2160674601
978763294
1819170039
25695093
850924383
134231732
1640576377
2206651153
960263206
658866311
1212637353
1013965010
2032910807
802563490
347273245
1405585093
2121959865
705765364
739396324
411971946
2190427153
2213138787
1067444743
1675828226
506922584
1922829273
1921546621
476889806
18366338
201940197
1154917628
640994356
2191069633
1071652631
2107009190
2190929320
1007106927
206833952
493137895
960263206
249676307
493137895
88116664
2234278220
965882845
385191439
408808818
996665209
1796054896
1067994046
1378982955
1742291528
1920006413
787445995
943804624
1922829273
1837624593
1114180835
617669174
480566536
171109784
1695513566
932771134
964768387
485654659
2002693650
1970508472
1377185802
411971946
1510956500
757484395
1318798574
1002200532
1850962226
1114180835
1861559066
1550235238
1881711933
2056290489
1284884653
347273245
1010062833
1303745686
1536001086
1970508472
1921546621
1216301395
1649224065
1916030186
385191439
202062437
385191439
1128431264
154776389
174503141
1015668573
1804616547
2292016778
205223305
593901606
1640576377
171109784
1361217679
965882845
439679648
2136541076
558917840
198984307
640994356
1998428899
1416686456
493137895
134231732
2325016253
1998428899
2141155132
1357372738
1321359430
1609187426
1712553830
1640576377
953162450
640994356
753640836
1742291528
584887671
1510956500
2152024295
1723669284
1920006413
1283607147
77688754
2045935953
1785545337
490846680
408808818
416071604
1536001086
2192920449
2056290489
965882845
2081460414
154776389
2325016253
2045935953
87529766
834008982
1537721185
1198939014
1007106927
259288408
872111211
1819170039
2213138787
1785545337
1100949410
538049416
1405585093
25695093
2066520111
1448426972
205223305
890297203
1054846772
805377723
1067994046
2076648916
2301887520
1728483326
1430211589
1930857370
1695513566
1922829273
2245063154
2074513303
720507855
249676307
1378982955
1556049223
2229055304
2190427153
174503141
1431475282
1612189187
1973635707
2116933154
1675828226
1212637353
80558092
1612189187
206833952
43368630
1888356848
411971946
1528269512
476889806
1303745686
1505119158
174503141
476889806
1819170039
1160641441
1305690661
347273245
661647482
576885161
1052408373
2325016253
633257010
2056290489
1691181034
1931289558
2050897259
1129769647
2107009190
249676307
831217590
1568272066
18366338
1160641441
787445995
1287846806
1850962226
1226617602
770253158
1287846806
1338305525
1189565343
201940197
739396324
65462003
328666813
2089730337
928592426
2287330821
945125162
1687911137
1368859177
1198939014
1010062833
1357372738
1015668573
1649224065
802563490
593901606
79832145
1640576377
1639619202
749955830
1571008904
2191069633
1823089065
1111687573
465827878
134231732
576885161
1568272066
560859120
1002200532
2081460414
1012750441
1039887893
1361217679
1604177650
978763294
978763294
633257010
2213138787
1772764439
649727598
584887671
757484395
2002693650
1920006413
2292016778
2213138787
965882845
1640529865
2299244866
171109784
678345246
558917840
1054846772
288533649
619685671
1931289558
1761932839
1819170039
2173491487
815546601
1054846772
152458595
1861559066
1054846772
718711058
171109784
1262351149
2232500026
1450626077
1088784203
1489119665
1550235238
288932108
1091474698
850924383
1010062833
288533649
757484395
2091608184
87529766
1448426972
129146178
1649224065
728096438
1973635707
303947517
2056290489
1796054896
77688754
1930857370
805377723
60008619
2066520111
262785316
303947517
485654659
75334704
1198939014
2136541076
718711058
324536791
658866311
859820185
576885161
2211556855
138112771
137057721
2172641079
87529766
1015668573
137057721
1378982955
2301887520
60008619
411971946
347273245
937352132
918788166
1796054896
2111923386
347273245
947555651
943804624
576885161
953162450
1796054896
65462003
1527900387
1505119158
1362096234
2086811885
1260442938
1537721185
485654659
2126888651
1979905116
134231732
815546601
388927628
917800112
1649224065
661647482
1640529865
2206651153
416071604
728096438
1728483326
157585860
859307139
1640576377
2234278220
2121959865
1368859177
890297203
1551920937
1361217679
1357372738
1212637353
462490538
1319952171
1067444743
152458595
965882845
2160674601
576885161
485654659
205223305
1460136534
80558092
529314106
834008982
1978972847
240932092
945125162
1071652631
411492899
1510956500
1321359430
2114635626
2074513303
1156418991
485654659
617980887
2144660543
649727598
1130123504
1528269512
705765364
753640836
388927628
859307139
2234278220
1283607147
1252459580
1282727139
760283966
996665209
1568272066
993171285
1408019631
157585860
2066520111
1640576377
1226617602
752860826
1785545337
2172641079
2050897259
815546601
2069216041
1861543921
1712553830
1362096234
1644656714
1716746339
288932108
1639335710
1563968527
1034516752
1006261866
585122211
678345246
1002200532
328666813
34648063
1260442938
1861543921
1284884653
89049253
2062746666
1163679564
480566536
1416686456
1676006353
303947517
2069216041
2246136269
705765364
1340535301
1510956500
88116664
1460957186
1318798574
1676006353
1430211589
309938727
332096149
2045935953
1639619202
60008619
1111687573
411492899
1039887893
1594274375
1010062833
174503141
416071604
288533649
749955830
1284884653
1510956500
1034516752
2069216041
1460136534
1282727139
