1088784203
1054846772
1397011755
690473764
394991760
1528269512
2172641079
157585860
2107009190
154776389
1189565343
171109784
1010062833
493137895
1712553830
2045935953
34648063
416071604
1052408373
1649224065
1405585093
1450626077
749955830
2152024295
77688754
593901606
1283607147
2245063154
2234278220
480566536
262785316
1284884653
1819170039
1510956500
576885161
18366338
705765364
831217590
2056290489
619685671
65462003
1764107292
872111211
1644656714
2232500026
1282727139
1416686456
476889806
529314106
1861543921
485654659
1640576377
1970508472
2114635626
1083053645
943804624
1378982955
2248695852
678345246
1212637353
1850962226
284604489
1920006413
288533649
965882845
347273245
152458595
2066520111
859820185
1361217679
134231732
174503141
1129769647
2190427153
33175121
2213138787
1723669284
137057721
1772764439
1260442938
1459680812
728096438
945125162
1796054896
1837624593
1888356848
802563490
1357372738
2301887520
1716746339
206833952
1687911137
576080347
1305690661
1804616547
2121959865
2050897259
1505119158
947555651
978763294
1973635707
510448916
2032910807
43368630
1936958516
658866311
2116933154
465827878
2325016253
25695093
932771134
1021320642
2126888651
309938727
2136541076
560859120
834008982
1198939014
2160674601
661647482
770253158
1973435018
953162450
1325396726
859307139
1162850926
597390904
249676307
1594274375
1662272610
1568272066
1067444743
408808818
1537721185
1319952171
1513401927
411971946
850924383
2211556855
1740814054
538049416
2141155132
928592426
1156418991
617387302
1813379729
2074513303
1013965010
288932108
585122211
1536001086
2081460414
558917840
328666813
1377185802
2076648916
739396324
1130123504
1051301129
2299244866
1571008904
1002200532
2229055304
2089730337
633257010
1640529865
103410855
201940197
924782663
1321359430
1262351149
649727598
2206651153
1612189187
2091608184
1921546621
640994356
760283966
1431475282
1823089065
1340535301
1179863149
1563968527
1154917628
913701265
1015668573
1930857370
240932092
889541068
303947517
1039887893
1922829273
2111923386
629860078
805377723
1675828226
205223305
2096315797
1287846806
411492899
60008619
926198552
617980887
1785545337
738896149
1616184096
1550494020
1604177650
1639619202
1012750441
1931289558
1676006353
1445710700
2173491487
1156522132
332096149
462490538
1338305525
1460957186
2157016188
1226617602
388927628
1881711933
541858139
80558092
1861559066
718711058
720507855
1057219507
1318798574
129146178
1665556503
1071652631
1303745686
1163679564
1871540589
1311968036
917800112
1362096234
1653617381
1742291528
757484395
1091474698
2117379664
1501495203
584887671
1007106927
1314015351
1460136534
1344957046
1067994046
1706804775
1505331526
2246136269
2086811885
801960661
1998428899
1952511686
2062746666
1695513566
198984307
1890236560
1430211589
310362139
1339007462
617669174
1691181034
871021724
1368859177
625912839
787445995
1563238847
964768387
1920156202
87529766
2190929320
2088405922
1550235238
88116664
1551920937
1813421902
1530856558
815546601
2069216041
1916030186
805532942
2311812716
506922584
1761932839
2242039771
1216301395
918788166
490846680
753640836
259288408
996665209
1675737851
1926913740
1771269147
1851447473
993171285
439679648
1609187426
2192920449
1252459580
1606859198
1128431264
754999887
2191069633
385191439
2080892891
1556049223
208771811
1006261866
145233100
960263206
2292016778
937352132
1978972847
1527136004
1448426972
2182160396
1527900387
161603931
75334704
2287330821
238198813
138112771
202062437
324536791
1877620791
1728483326
1034516752
848655495
1489119665
1100949410
1490929170
89049253
2002693650
2019795298
1408019631
1979905116
752860826
1160641441
79832145
1325344063
1111687573
2327808459
2144660543
890297203
913339409
1114180835
41491411
1639335710
300077667
864881263
1481873171
2269386534
420476392
1326945400
2125692049
1321074611
2013670681
1944521111
1165167970
700916156
62734156
1687197999
389058903
1820500331
1879813634
1638249794
1072495297
1490319471
1051125404
318555425
1028647645
2071584656
1696328363
2257930244
1236287119
525384672
2071145419
793354333
708618987
1044621628
679308699
245570925
1741296228
982198948
225865689
346382508
112247592
1351562358
1171606442
2039924856
974569085
1184827014
2288623800
55042450
51118341
643296394
919145025
855383061
1099391847
519510785
1308640573
365517089
440724943
1186098202
707104323
2240500797
1323827995
227715233
2319952897
2016350114
644698236
953819545
2302442013
515081496
429670848
340025774
708808085
2256936003
1133763015
1484036062
2137160092
1334255589
2164869650
869480619
2002660051
2314109004
1847286842
381999068
63973005
1541873720
447671395
232599286
1228279153
558202567
2145758872
2221424909
975741749
695643543
978758895
1923463720
837674539
1677577846
2010613283
1860766605
951600173
1769062918
1323320653
1209390161
217252774
1314825927
2114050460
2035284315
1328055586
354735561
802542491
1778144517
2111247481
324409215
109326564
1474079081
757532031
587218693
1311526256
1037294063
384575449
909335651
1875265225
1946056883
406151885
201736240
434955019
772741475
1833201789
1524620170
2124747338
1498676755
1779787986
633521138
892951605
936224339
879261473
182552574
1367746707
1052329143
390555191
466847805
1599482293
1727388948
951161926
227718035
534565649
147572086
2182023029
2188279919
1510226559
1623267883
524870033
713202849
1211093529
1538056536
790462085
2242125107
1741033243
395959940
1743366841
686899980
2087273850
1186470080
827155209
745305480
322435568
663289101
1791346717
1881791315
958760784
1229430552
415726568
1820078123
354695428
1946921428
104865904
1209410730
1502479832
1752035823
415475943
920060983
1396404201
2136726340
307715099
222903711
898660230
405115582
195643993
2319660702
450281998
1849746459
910526257
782527660
1008405820
2060139675
1805804762
1166594769
142988102
374419660
1543186766
2261993550
436949767
1938664092
2121591050
1426781882
1267116229
2178666777
2316311609
1868304577
1836040971
2195395947
1386966860
2765879
1332468724
60547037
1530264935
1933311064
1389216612
709262068
1860979536
712099242
2113830676
1433219001
1862338675
335425573
1944031174
47827038
1738875156
1279177909
294391813
1238934284
1476034921
543197829
1857150720
1836153739
646649754
1308786272
1661569972
1637098430
1218065453
2049412602
2231231427
877400380
793302443
1849418361
2287335395
763712691
275216639
679485292
2189277269
933378597
777172740
2259559268
1247158198
2019939886
1196382962
933789405
153617057
273121177
257209929
1374879204
1442516626
1786790667
1387770695
4666725
1489632882
947378813
2039153313
1810186182
263088261
84017008
1145950340
480418119
1715827079
1782007947
1088670587
1282512090
1356942633
1684277175
1371979418
901483686
2120677975
1576880307
1140919239
1812895652
1428504224
1546684324
2118886263
2183036023
1027385554
247877425
835693123
395122049
952567878
2032698476
195396387
1320557575
1127923904
694931816
2282417542
135241141
187287233
572146086
19772470
278568298
935443520
300485170
1186912691
1976600336
1279185484
2223886305
1068172628
1083649846
2001162100
2097119388
1648538122
650181897
1271309318
715793235
1366417562
593335506
1938234263
1203919078
2038166572
422190438
256838860
595801000
546418686
2189598106
60416534
670809161
2193755106
482948417
859369749
828409308
627467756
289374264
2257168720
1856537708
1900921308
59103620
2222263572
131466095
1195289662
2022351842
563238381
2065065408
2192818797
2194826009
1363881334
206547242
551364886
1486654746
2078336193
993437815
805343756
1598925466
1336748341
404435894
1643456952
1438547173
1284411345
1622128489
929264852
1439430396
209241198
691729286
2272653986
1101024680
1323874136
963811399
2184914489
1988215911
1838564701
1777686661
2326255455
757909173
2037826869
239246066
555782594
1125825524
281919244
1362126974
755523253
350672087
151480399
1104150971
1661589560
1986868157
1955999146
2051730035
1737140212
1151294806
1254444982
1393023691
1796762837
1863103226
2277069294
82598565
1738370906
2105148192
577988645
335605585
1755794657
973459333
1737364993
1831252376
445711574
1599037148
201943453
1648951564
2211038414
372038547
907935722
1404853240
456619742
1552501508
1996410088
2154729919
1778276465
860324057
78670272
334025084
1360409158
793634692
430532062
762914750
471122406
1834909694
967353070
497588408
1698165097
1786489359
2025468647
2010999663
760392924
1431426658
1376243586
1784685444
952930874
1653471413
535143688
1517525435
2199721627
2139353261
1255687922
1856085531
1162579165
1902458007
385891743
1334342379
2304039099
1852959735
1468513967
1558481331
206797441
2277424957
816780236
1895847757
954875490
2206217074
1537623046
296929448
123937246
363755613
1745878127
1117669040
2219216301
2233809264
1032637546
865741113
201829031
318167824
612207420
2155170531
953538502
2142338755
1854147184
1357727843
1601431238
1554569174
390797543
1980537850
855649776
1831705321
2074367040
2093576474
1464183838
965712493
1495435325
346048580
2057009125
2295270771
2279488957
1862182190
1942300090
2314414840
1557451189
460962874
2251830056
2251093201
617626591
1549451384
771657682
1210639126
1411243725
722744188
1553706509
1354844562
2122180214
933115371
1474736360
678348757
1419168665
324565237
1722000549
190788996
425957927
1067547044
1949657855
1467759197
1409895769
1659380291
2194627713
1365204763
853953891
472408391
123718196
1597825970
2126790453
557728903
940262971
366425403
1215719281
271863322
288543323
1668333830
1840312615
1573965503
898201543
1895728715
287692250
2068257247
806938792
144823882
1187166440
761439730
2196994614
133508847
1360551853
1915462495
209461251
54813617
1322860757
1724890585
238582024
634769660
2073208014
1614221304
1395916565
2218859903
120487178
1239899272
236002008
1393533515
2027406385
92123672
2119531807
1187162411
1271974240
1007106107
1482341408
114825839
2159224562
449748029
1751934661
638272243
505268076
1717522288
1957482172
1151677560
2149765803
628953914
879475038
288195711
200784788
311628755
1912891718
1205821119
672242135
2297937876
2231842905
1463534424
2259367314
1607734455
547003523
1361734490
782117939
725063905
6346407
186899818
721325965
468971052
2156112037
1971218154
2318916295
1724344551
2096025068
1863201497
1550499311
1312531834
2051579993
1196408748
851567433
1650168708
1123453694
924670587
1960505194
1995913074
1650324061
2115948164
383030601
1523486111
1581671431
2074154657
2303916707
1047041558
1577080581
1045268911
1963341140
1879726855
574712115
782035113
1227830158
1487377751
252837106
501236200
1804893164
790794228
2171777407
2041145309
1144362699
1519863182
1378467262
1231299817
2018879480
1158195939
1306624838
1594254475
860767690
216874152
148150328
1690668290
571485965
1185770134
162996917
914758098
1881951822
971520431
90644549
1879455347
2085611056
2062430024
160246141
479245014
2242873478
1871740335
364244430
1261159497
746456556
429857740
1444701357
821071205
1072306185
1887180711
1181978024
8056446
296703580
2071835838
888238860
12406091
1484079426
1026488755
499089501
625355030
1894641055
2158562296
563543892
1422582889
1331209899
576537100
2217598267
616522081
852277314
1707407407
392799634
260808890
551309601
1656761387
1185743078
1485848966
2142728897
387651419
1685699941
1871253592
1400632032
1522781724
1911624668
957894024
2205453971
2137217901
938859498
1799703253
2228578835
228474245
392450471
1846005902
1886411829
1359580921
877990171
370229180
966104368
1123858193
1827676019
1085188222
1994081021
1271092987
1579820854
495604378
792748266
383486873
2217878542
943350139
1019330408
1043943647
2308600995
438742003
1799086637
408395014
1019277749
1264580807
2218547533
1799309093
1235410937
1919582782
21328585
1937000663
1858143909
1687827403
471008234
461663066
1729312683
612467893
108326135
1881545120
391396590
246676423
603880746
1437995995
518627561
1259874751
1837387366
461368655
1121715647
239794461
1049671058
1741722518
763457877
322726745
1581195897
159846775
1439237868
231642549
479308659
1891358956
265150615
1667568485
292970519
1700744945
402648710
258192714
2000464238
135712756
183306117
1868480477
637435198
2015810736
836605442
1984516064
2288048750
48299450
215710481
1776214692
373425013
1031377022
2024624329
2044438965
1680232995
502376834
1047684435
1539046845
1887802603
1081965485
762645603
2236807741
691124665
1781558231
1998793618
677208991
278996145
1925722754
2323923049
1850105816
2316278176
2047773926
1214977153
623502840
1725221248
1521229142
567433839
957196753
394204610
961700895
1080908844
1639130515
1260842692
1547646565
1318050855
1975626319
2038640582
469712204
32659301
429001566
282798981
1581736703
2086429200
124464146
1158527766
564587383
193554576
1008245799
1871395530
244167738
502738573
523201112
1624650496
1646959429
597943926
1781045208
151186990
1145463544
2016723536
727427978
1937174691
931298387
1749971576
2152837465
265500609
1358882538
463957651
1534932315
601733305
1827825298
1607164815
1201415094
1900969478
1721122002
1701319889
187879710
1929502728
443920747
1260350050
54943043
2006254669
2164453413
1162636728
1312654077
740106339
1463613846
1885430522
255638408
889942848
1432461075
1838407150
215273269
1978037232
2155720454
2203920453
770699440
608823482
992485094
237310955
329886597
1970630640
537460912
1634287315
431308781
2094292120
2056526470
1877971519
1934973637
2165196362
880608908
1283003842
1932107178
2118155192
1278310844
2152745046
2052817691
603934299
324110302
1116254203
1394194215
1387467446
1007083810
894182338
2063995025
699393536
564021540
1259814225
628194538
1829978046
1397053295
1825167591
2000142053
766508696
724857061
1701667163
265755573
1003139479
1788498725
178723392
1028153798
1623297465
368589446
853948774
70611113
357210925
2208354531
4117983
493061143
616430595
1212158295
1160204565
2055211698
1515714119
1437389772
1502806361
618614444
1227735095
1381904309
818774082
659409907
1103806699
1713393498
1051273425
1232722673
1895404516
1935554295
712340898
896733970
2211176521
1274935182
231072108
1092222628
916539912
1863349295
230113187
229702185
163243435
1663179307
245047742
1572826488
217639476
2207368384
1189879325
2028893709
978682281
1938222588
768867605
78779619
181446634
394234880
445019169
795379422
1079035382
1459238192
1566582955
700169869
62022544
1211506222
875060704
1671773718
947758006
731079263
669186134
902602778
13587932
1796611127
121503650
1007719710
441135578
1392893631
362575284
1818916420
356012582
1277492265
362153847
1358672941
1810568075
49634714
719820601
1768906910
2305240991
932370459
1676938556
1585596368
1791559051
1617977492
1435591143
1246944516
2294836031
1800123958
874993862
1271429360
132729865
662591344
1062642436
1118570672
341219142
1709094085
532502165
1924303529
1989579746
1033254168
575910811
196138774
2218791558
1867595225
2059252724
1634293166
1387282882
2270828959
1644798651
1233657617
1688144891
1618552893
815149105
308809630
420261557
1132300423
1591781048
156365158
1050715525
1581967986
1145533697
1049335949
701071306
1414726971
100239864
849018310
1802765821
1737199775
1262825402
1587908300
1124203824
48761064
1175278961
1040889434
1704453054
224059441
2184353563
622328247
1532807568
1114160771
1593004272
1558776760
559386140
541806814
2241903575
1273787833
1808793570
1097309609
757553272
1664025157
1032758244
409636662
2081642816
1444495271
1455415181
132332929
175436595
395565217
1911903525
1737988501
2060257478
328553986
618337262
1179343472
1363298871
461397370
620856368
1833988334
992111885
1155247919
2002046147
952191439
556852122
571439683
619527541
1797748699
1940708317
728178233
1127434634
1192671375
106732556
951010929
2161166602
728063153
704342039
658413393
438472522
1507383946
149306987
1008017038
571173173
1277141657
1574109846
1753103882
2295739966
835760555
1465033927
564437809
802285168
214077774
17198752
295701891
1325809084
388942613
389416798
1830587391
1217886429
1261949445
1228703798
568001424
220008927
972827387
280844216
1435265381
1005380851
1719428840
1901034700
1471090400
1650251432
2294538719
1342453151
1514511059
1456459076
333484566
16697045
1783893344
2236811380
1082097448
1670531211
1213389041
479637122
1191183470
367607676
2083485297
4523832
456467159
310479511
77885283
1131916725
439704784
1240347114
1957800537
1074477499
881287388
404779104
2221873712
541780831
2191642033
1342580764
1796564458
1885252759
2169717239
1711709142
2199802868
1529498871
626750800
476384613
584047879
812413867
1968089252
1952822577
1467357033
1856601955
1625865453
2136016548
956733389
2093234678
1336510189
639532607
399620828
134040685
289089860
654947866
90107090
1450076839
1625491926
978751320
1879844502
582790511
1860891997
541408651
2173075178
876686941
1486593974
1177511760
1040177322
1594641050
1123759197
2202363075
1936157614
2250938231
1121764288
2304350278
1456749860
681259419
2286648503
122983560
1128070449
562084461
254819331
1238815070
2320743854
2240251552
241961535
1291300722
1792744296
1989253379
945712089
541149256
2205576725
1749384362
2071305178
2029900729
1458199263
1319343294
1721800099
94307571
31664205
2211268368
1503111134
234279635
782991471
1909352063
1498741221
489267480
230592752
1343590161
1103663256
1954786233
1523666321
1506276370
941728402
2043552840
1713135787
2190757159
1658131552
121822973
1584221400
2253340076
197397212
1445099854
2193842208
641695745
1722314990
1312392760
1945855634
574443546
1841271774
